0 0 1 1 1
2 2 2 3 3
3 4 4 4 5
5 5 6 6 6
7 7 7 8 8
8 9 9 10 10
10 11 11 11 11
12 12 12 12 13
13 13 13 14 14
14 14 15 15 15
15 16 16 16 16
17 17 17 17 18
18 18 18 19 19
19 20 20 20 21
21 21 21 22 22
22 22 23 23 23
23 24 24 24 24
25 25 25 25 26
26 26 26 27 27
27 27 28 28 28
28 29 29 29 30
30 30 31 31 31
31 32 32 32 32
33 33 33 33 34
34 34 34 35 35
35 35 36 36 36
36 37 37 37 37
38 38 38 38 39
39 39 40 40 40
41 41 41 41 42
42 42 42 43 43
43 43 44 44 44
44 45 45 45 45
46 46 46 46 47
47 47 47 48 48
48 48 49 49 49
50 50 50 51 51
51 51 52 52 52
52 53 53 53 53
54 54 54 54 55
55 55 55 56 56
56 56 57 57 57
57 58 58 58 58
59 59 59 60 60
60 61 61 61 61
62 62 62 62 63
63 63 63 64 64
64 64 65 65 65
65 66 66 66 66
67 67 67 67 68
68 68 68 69 69
69 70 70 70 71
71 71 71 72 72
72 72 73 73 73
73 74 74 74 74
75 75 75 75 76
76 76 76 77 77
77 77 78 78 78
78 79 79 79 80
80 80 81 81 81
81 82 82 82 82
83 83 83 83 84
84 84 84 85 85
85 85 86 86 86
86 87 87 87 87
88 88 88 88 89
89 89 90 90 91
91 91 92 92 92
93 93 93 94 94
94 95 95 95 96
96 96 97 97 97
98 98 98 99 99
1 10 0 2 11
1 3 12 2 4
13 3 5 14 4
6 15 5 7 16
6 8 17 7 9
18 8 19 11 0
20 10 12 1 21
11 13 2 22 12
14 3 23 13 15
4 24 14 16 5
25 15 17 6 26
16 18 7 27 17
19 8 28 18 9
29 21 10 30 20
22 11 31 21 23
12 32 22 24 13
33 23 25 14 34
24 26 15 35 25
27 16 36 26 28
17 37 27 29 18
38 28 19 39 31
20 40 30 32 21
41 31 33 22 42
32 34 23 43 33
35 24 44 34 36
25 45 35 37 26
46 36 38 27 47
37 39 28 48 38
29 49 41 30 50
40 42 31 51 41
43 32 52 42 44
33 53 43 45 34
54 44 46 35 55
45 47 36 56 46
48 37 57 47 49
38 58 48 39 59
51 40 60 50 52
41 61 51 53 42
62 52 54 43 63
53 55 44 64 54
56 45 65 55 57
46 66 56 58 47
67 57 59 48 68
58 49 69 61 50
70 60 62 51 71
61 63 52 72 62
64 53 73 63 65
54 74 64 66 55
75 65 67 56 76
66 68 57 77 67
69 58 78 68 59
79 71 60 80 70
72 61 81 71 73
62 82 72 74 63
83 73 75 64 84
74 76 65 85 75
77 66 86 76 78
67 87 77 79 68
88 78 69 89 81
70 90 80 82 71
91 81 83 72 92
82 84 73 93 83
85 74 94 84 86
75 95 85 87 76
96 86 88 77 97
87 89 78 98 88
79 99 91 80 90
92 81 91 93 82
92 94 83 93 95
84 94 96 85 95
97 86 96 98 87
97 99 88 98 89
