"u" "v" "w"
"1" 0 1 1
"2" 0 10 1
"3" 1 0 1
"4" 1 2 1
"5" 1 11 1
"6" 2 1 1
"7" 2 3 1
"8" 2 12 1
"9" 3 2 1
"10" 3 4 1
"11" 3 13 1
"12" 4 3 1
"13" 4 5 1
"14" 4 14 1
"15" 5 4 1
"16" 5 6 1
"17" 5 15 1
"18" 6 5 1
"19" 6 7 1
"20" 6 16 1
"21" 7 6 1
"22" 7 8 1
"23" 7 17 1
"24" 8 7 1
"25" 8 9 1
"26" 8 18 1
"27" 9 8 1
"28" 9 19 1
"29" 10 11 1
"30" 10 0 1
"31" 10 20 1
"32" 11 10 1
"33" 11 12 1
"34" 11 1 1
"35" 11 21 1
"36" 12 11 1
"37" 12 13 1
"38" 12 2 1
"39" 12 22 1
"40" 13 12 1
"41" 13 14 1
"42" 13 3 1
"43" 13 23 1
"44" 14 13 1
"45" 14 15 1
"46" 14 4 1
"47" 14 24 1
"48" 15 14 1
"49" 15 16 1
"50" 15 5 1
"51" 15 25 1
"52" 16 15 1
"53" 16 17 1
"54" 16 6 1
"55" 16 26 1
"56" 17 16 1
"57" 17 18 1
"58" 17 7 1
"59" 17 27 1
"60" 18 17 1
"61" 18 19 1
"62" 18 8 1
"63" 18 28 1
"64" 19 18 1
"65" 19 9 1
"66" 19 29 1
"67" 20 21 1
"68" 20 10 1
"69" 20 30 1
"70" 21 20 1
"71" 21 22 1
"72" 21 11 1
"73" 21 31 1
"74" 22 21 1
"75" 22 23 1
"76" 22 12 1
"77" 22 32 1
"78" 23 22 1
"79" 23 24 1
"80" 23 13 1
"81" 23 33 1
"82" 24 23 1
"83" 24 25 1
"84" 24 14 1
"85" 24 34 1
"86" 25 24 1
"87" 25 26 1
"88" 25 15 1
"89" 25 35 1
"90" 26 25 1
"91" 26 27 1
"92" 26 16 1
"93" 26 36 1
"94" 27 26 1
"95" 27 28 1
"96" 27 17 1
"97" 27 37 1
"98" 28 27 1
"99" 28 29 1
"100" 28 18 1
"101" 28 38 1
"102" 29 28 1
"103" 29 19 1
"104" 29 39 1
"105" 30 31 1
"106" 30 20 1
"107" 30 40 1
"108" 31 30 1
"109" 31 32 1
"110" 31 21 1
"111" 31 41 1
"112" 32 31 1
"113" 32 33 1
"114" 32 22 1
"115" 32 42 1
"116" 33 32 1
"117" 33 34 1
"118" 33 23 1
"119" 33 43 1
"120" 34 33 1
"121" 34 35 1
"122" 34 24 1
"123" 34 44 1
"124" 35 34 1
"125" 35 36 1
"126" 35 25 1
"127" 35 45 1
"128" 36 35 1
"129" 36 37 1
"130" 36 26 1
"131" 36 46 1
"132" 37 36 1
"133" 37 38 1
"134" 37 27 1
"135" 37 47 1
"136" 38 37 1
"137" 38 39 1
"138" 38 28 1
"139" 38 48 1
"140" 39 38 1
"141" 39 29 1
"142" 39 49 1
"143" 40 41 1
"144" 40 30 1
"145" 40 50 1
"146" 41 40 1
"147" 41 42 1
"148" 41 31 1
"149" 41 51 1
"150" 42 41 1
"151" 42 43 1
"152" 42 32 1
"153" 42 52 1
"154" 43 42 1
"155" 43 44 1
"156" 43 33 1
"157" 43 53 1
"158" 44 43 1
"159" 44 45 1
"160" 44 34 1
"161" 44 54 1
"162" 45 44 1
"163" 45 46 1
"164" 45 35 1
"165" 45 55 1
"166" 46 45 1
"167" 46 47 1
"168" 46 36 1
"169" 46 56 1
"170" 47 46 1
"171" 47 48 1
"172" 47 37 1
"173" 47 57 1
"174" 48 47 1
"175" 48 49 1
"176" 48 38 1
"177" 48 58 1
"178" 49 48 1
"179" 49 39 1
"180" 49 59 1
"181" 50 51 1
"182" 50 40 1
"183" 50 60 1
"184" 51 50 1
"185" 51 52 1
"186" 51 41 1
"187" 51 61 1
"188" 52 51 1
"189" 52 53 1
"190" 52 42 1
"191" 52 62 1
"192" 53 52 1
"193" 53 54 1
"194" 53 43 1
"195" 53 63 1
"196" 54 53 1
"197" 54 55 1
"198" 54 44 1
"199" 54 64 1
"200" 55 54 1
"201" 55 56 1
"202" 55 45 1
"203" 55 65 1
"204" 56 55 1
"205" 56 57 1
"206" 56 46 1
"207" 56 66 1
"208" 57 56 1
"209" 57 58 1
"210" 57 47 1
"211" 57 67 1
"212" 58 57 1
"213" 58 59 1
"214" 58 48 1
"215" 58 68 1
"216" 59 58 1
"217" 59 49 1
"218" 59 69 1
"219" 60 61 1
"220" 60 50 1
"221" 60 70 1
"222" 61 60 1
"223" 61 62 1
"224" 61 51 1
"225" 61 71 1
"226" 62 61 1
"227" 62 63 1
"228" 62 52 1
"229" 62 72 1
"230" 63 62 1
"231" 63 64 1
"232" 63 53 1
"233" 63 73 1
"234" 64 63 1
"235" 64 65 1
"236" 64 54 1
"237" 64 74 1
"238" 65 64 1
"239" 65 66 1
"240" 65 55 1
"241" 65 75 1
"242" 66 65 1
"243" 66 67 1
"244" 66 56 1
"245" 66 76 1
"246" 67 66 1
"247" 67 68 1
"248" 67 57 1
"249" 67 77 1
"250" 68 67 1
"251" 68 69 1
"252" 68 58 1
"253" 68 78 1
"254" 69 68 1
"255" 69 59 1
"256" 69 79 1
"257" 70 71 1
"258" 70 60 1
"259" 70 80 1
"260" 71 70 1
"261" 71 72 1
"262" 71 61 1
"263" 71 81 1
"264" 72 71 1
"265" 72 73 1
"266" 72 62 1
"267" 72 82 1
"268" 73 72 1
"269" 73 74 1
"270" 73 63 1
"271" 73 83 1
"272" 74 73 1
"273" 74 75 1
"274" 74 64 1
"275" 74 84 1
"276" 75 74 1
"277" 75 76 1
"278" 75 65 1
"279" 75 85 1
"280" 76 75 1
"281" 76 77 1
"282" 76 66 1
"283" 76 86 1
"284" 77 76 1
"285" 77 78 1
"286" 77 67 1
"287" 77 87 1
"288" 78 77 1
"289" 78 79 1
"290" 78 68 1
"291" 78 88 1
"292" 79 78 1
"293" 79 69 1
"294" 79 89 1
"295" 80 81 1
"296" 80 70 1
"297" 80 90 1
"298" 81 80 1
"299" 81 82 1
"300" 81 71 1
"301" 81 91 1
"302" 82 81 1
"303" 82 83 1
"304" 82 72 1
"305" 82 92 1
"306" 83 82 1
"307" 83 84 1
"308" 83 73 1
"309" 83 93 1
"310" 84 83 1
"311" 84 85 1
"312" 84 74 1
"313" 84 94 1
"314" 85 84 1
"315" 85 86 1
"316" 85 75 1
"317" 85 95 1
"318" 86 85 1
"319" 86 87 1
"320" 86 76 1
"321" 86 96 1
"322" 87 86 1
"323" 87 88 1
"324" 87 77 1
"325" 87 97 1
"326" 88 87 1
"327" 88 89 1
"328" 88 78 1
"329" 88 98 1
"330" 89 88 1
"331" 89 79 1
"332" 89 99 1
"333" 90 91 1
"334" 90 80 1
"335" 91 90 1
"336" 91 92 1
"337" 91 81 1
"338" 92 91 1
"339" 92 93 1
"340" 92 82 1
"341" 93 92 1
"342" 93 94 1
"343" 93 83 1
"344" 94 93 1
"345" 94 95 1
"346" 94 84 1
"347" 95 94 1
"348" 95 96 1
"349" 95 85 1
"350" 96 95 1
"351" 96 97 1
"352" 96 86 1
"353" 97 96 1
"354" 97 98 1
"355" 97 87 1
"356" 98 97 1
"357" 98 99 1
"358" 98 88 1
"359" 99 98 1
"360" 99 89 1
